8
0,3,25,11,18,27,14,3
3,0,13,5,14,17,8,20
25,13,0,23,8,8,13,12
11,5,23,0,12,22,24,22
18,14,8,12,0,1,2,19
27,17,8,22,1,0,4,10
14,8,13,24,2,4,0,12
3,20,12,22,19,10,12,0
2
5